,YEAR,MONTH,DAY,HOUR,MINUTE,N_Cluster,ID_CLUS,LAT,LON,IND_X,IND_Y,T_RELATION,RAIN_FALL,DBz
2,2015,10,11,05,12,1,0,-3.2561195,-61.413635,114.0,41.0,SW,78.46356964111328,53.32498895094262
4,2015,10,11,05,24,2,0,-3.256044,-61.46762,114.0,38.0,SW,45.28629684448242,49.50576890006065
0,2015,10,11,05,24,2,1,-3.3468306,-60.441925,109.0,95.0,SW,23.265335083007812,44.87764894728997
0,2015,10,11,05,36,1,0,-3.3647623,-60.513924,108.0,91.0,SW,57.31365966796875,51.14243020450541
7,2015,10,11,05,48,2,0,-3.3453786,-61.773697,109.0,21.0,SW,134.22891235351562,57.05583709499714
5,2015,10,11,05,48,2,1,-3.3647335,-60.567913,108.0,88.0,SW,69.58772277832031,52.49082195133944
6,2015,10,11,06,00,4,0,-2.0884516,-61.394222,179.0,42.0,NW,69.06719207763672,52.43864875904162
5,2015,10,11,06,00,4,1,-2.6280067,-60.765354,149.0,77.0,NW,49.72908020019531,50.15606678067187
2,2015,10,11,06,00,4,2,-2.6637154,-61.03516,147.0,62.0,NW,27.91083335876465,46.14266481746816
1,2015,10,11,06,00,4,3,-3.2388813,-60.711803,115.0,80.0,SW,38.87096405029297,48.44430494593454
6,2015,10,11,06,12,3,0,-2.6636808,-61.071133,147.0,60.0,NW,61.310585021972656,51.610867319187676
2,2015,10,11,06,12,3,1,-2.6998436,-60.801376,145.0,75.0,NW,48.97148513793945,50.049392354827724
0,2015,10,11,06,12,3,2,-3.2747738,-60.765816,113.0,77.0,SW,26.732357025146484,45.84289600030479
4,2015,10,11,06,24,4,0,-2.6998024,-60.85533,145.0,72.0,NW,30.28114128112793,46.70905578830613
0,2015,10,11,06,24,4,1,-2.9144866,-58.354954,133.0,211.0,NE,27.41409683227539,46.01788303600358
7,2015,10,11,06,24,4,2,-2.0524793,-61.43014,181.0,40.0,NW,34.661521911621094,47.64786200011869
3,2015,10,11,06,24,4,3,-2.699538,-61.14311,145.0,56.0,NW,23.968420028686523,45.084530465007475
8,2015,10,11,06,36,4,0,-2.6456046,-61.179028,148.0,54.0,NW,47.269691467285156,49.803624238887636
5,2015,10,11,06,36,4,1,-2.6818225,-60.873306,146.0,71.0,NW,28.59748077392578,46.311544383671375
3,2015,10,11,06,36,4,2,-2.9145944,-58.42691,133.0,207.0,NE,28.369041442871094,46.25581454440077
0,2015,10,11,06,36,4,3,-3.84977,-59.343765,81.0,156.0,SE,69.87327575683594,52.51927762166356
8,2015,10,11,06,48,2,0,-2.6455452,-61.232983,148.0,51.0,NW,66.92736053466797,52.219959120459166
1,2015,10,11,06,48,2,1,-3.849782,-59.361774,81.0,155.0,SE,127.55467987060547,56.701442310657306
11,2015,10,11,07,00,2,0,-2.6454403,-61.32291,148.0,46.0,NW,123.09815216064453,56.45432449647881
0,2015,10,11,07,00,2,1,-3.8677814,-59.415783,80.0,152.0,SE,57.62163543701172,51.179669243267
32,2015,10,11,07,12,4,0,-2.6274319,-61.35886,149.0,44.0,NW,52.0894889831543,50.478301506506384
4,2015,10,11,07,12,4,1,-4.281031,-59.469555,57.0,149.0,SE,154.13026428222656,58.01650672593616
18,2015,10,11,07,12,4,2,-3.8857682,-59.451786,79.0,150.0,SE,80.54680633544922,53.50707316317415
0,2015,10,11,07,12,4,3,-4.693914,-59.05472,34.0,172.0,SE,23.073148727416992,44.82000980474168
26,2015,10,11,07,24,6,0,-3.9756684,-59.595802,74.0,142.0,SE,123.29618835449219,56.465494369234186
33,2015,10,11,07,24,6,1,-3.9037628,-59.505795,78.0,147.0,SE,69.65099334716797,52.49713699050631
39,2015,10,11,07,24,6,2,-2.6453512,-61.394848,148.0,42.0,NW,56.9605827331543,51.09949073560476
1,2015,10,11,07,24,6,3,-4.2810597,-59.5236,57.0,146.0,SE,57.19744110107422,51.12832555284097
16,2015,10,11,07,24,6,4,-4.137348,-59.559704,65.0,144.0,SE,92.8261489868164,54.493025293554815
8,2015,10,11,07,24,6,5,-4.245182,-59.649723,59.0,139.0,SE,57.98714065551758,51.2236070642549
36,2015,10,11,07,36,6,0,-3.9217546,-59.55981,77.0,144.0,SE,119.47616577148438,56.24680038510988
27,2015,10,11,07,36,6,1,-3.9936554,-59.649822,73.0,139.0,SE,92.30449676513672,54.453865699202126
15,2015,10,11,07,36,6,2,-4.137364,-59.59573,65.0,142.0,SE,70.87484741210938,52.61817414704953
8,2015,10,11,07,36,6,3,-4.1733546,-59.775845,63.0,132.0,SE,56.58176040649414,51.05312324252669
1,2015,10,11,07,36,6,4,-4.2810774,-59.55963,57.0,144.0,SE,49.56155776977539,50.132619128357945
2,2015,10,11,07,36,6,5,-4.2631607,-59.685745,58.0,137.0,SE,23.72412109375,45.01334207044498
46,2015,10,11,07,48,4,0,-3.8858302,-59.577835,79.0,143.0,SE,145.3068084716797,57.60687538071784
6,2015,10,11,07,48,4,1,-4.1912837,-59.649746,62.0,139.0,SE,69.21337127685547,52.4533400137945
12,2015,10,11,07,48,4,2,-4.1553926,-59.79386,64.0,131.0,SE,60.079383850097656,51.469907477761424
0,2015,10,11,07,48,4,3,-4.299067,-59.61367,56.0,141.0,SE,37.01951599121094,48.10519173751185
44,2015,10,11,08,00,4,0,-3.903811,-59.613842,78.0,141.0,SE,105.81268310546875,55.40290358842208
5,2015,10,11,08,00,4,1,-4.155402,-59.8479,64.0,128.0,SE,68.40769958496094,52.371979735990884
50,2015,10,11,08,00,4,2,-2.3585668,-60.69326,164.0,81.0,NW,29.48663330078125,46.524302978785
4,2015,10,11,08,00,4,3,-4.1733174,-59.64975,63.0,139.0,SE,25.478239059448242,45.50901048835009
22,2015,10,11,08,12,3,0,-3.9757013,-59.68585,74.0,137.0,SE,106.09210968017578,55.42122932623809
6,2015,10,11,08,12,3,1,-4.0476017,-59.829906,70.0,129.0,SE,70.78929901123047,52.60978174484662
2,2015,10,11,08,12,3,2,-4.173373,-59.883923,63.0,126.0,SE,37.685546875,48.229097107545165
43,2015,10,11,08,24,5,0,-3.957746,-59.72187,75.0,135.0,SE,66.90444946289062,52.2175799785449
14,2015,10,11,08,24,5,1,-4.1194696,-59.847904,66.0,128.0,SE,165.25241088867188,58.50066482355082
6,2015,10,11,08,24,5,2,-4.227261,-59.81186,60.0,130.0,SE,102.76692199707031,55.19995354124979
47,2015,10,11,08,24,5,3,-1.6218132,-59.057487,205.0,172.0,NE,25.282516479492188,45.45542474050996
11,2015,10,11,08,24,5,4,-4.1913433,-59.919945,62.0,124.0,SE,24.857864379882812,45.33772098471055
33,2015,10,11,08,36,3,0,-3.993703,-59.829918,73.0,129.0,SE,79.23784637451172,53.39322256827559
8,2015,10,11,08,36,3,1,-4.22727,-59.865902,60.0,127.0,SE,133.26467895507812,57.00574087478387
0,2015,10,11,08,36,3,2,-4.765947,-59.234898,30.0,162.0,SE,22.26441764831543,44.57208139887286
19,2015,10,11,08,48,5,0,-4.1374426,-59.90194,65.0,125.0,SE,88.83866119384766,54.18793203777753
29,2015,10,11,08,48,5,1,-4.0296464,-59.91996,71.0,124.0,SE,102.79973602294922,55.20217194777568
24,2015,10,11,08,48,5,2,-4.11939,-59.577724,66.0,143.0,SE,76.29055786132812,53.12983260638758
41,2015,10,11,08,48,5,3,-1.5859213,-59.111423,207.0,169.0,NE,33.639976501464844,47.43999089677142
0,2015,10,11,08,48,5,4,-4.7300735,-59.307034,32.0,158.0,SE,44.72608947753906,49.419274809381044
1,2015,10,11,09,00,4,0,-4.227278,-59.992,60.0,120.0,SW,82.11681365966797,53.641213385435584
31,2015,10,11,09,00,4,1,-1.5679682,-59.129406,208.0,168.0,NE,40.02385711669922,48.64740298811344
21,2015,10,11,09,00,4,2,-4.0296474,-59.93797,71.0,123.0,SE,32.37460708618164,47.173572057669716
17,2015,10,11,09,00,4,3,-4.137385,-59.649765,65.0,139.0,SE,29.132156372070312,46.44026207571108
19,2015,10,11,09,12,3,0,-1.5679804,-59.147373,208.0,167.0,NE,58.5391845703125,51.28944665383517
0,2015,10,11,09,12,3,1,-4.227278,-60.010014,60.0,119.0,SW,39.09629821777344,48.48447017637457
6,2015,10,11,09,12,3,2,-4.1553636,-59.685783,64.0,137.0,SE,25.464441299438477,45.5052463888474
9,2015,10,11,09,24,3,0,-1.6219242,-59.21923,205.0,163.0,NE,39.15990447998047,48.49576593725101
4,2015,10,11,09,24,3,1,-4.1733685,-60.136105,63.0,112.0,SW,78.38086700439453,53.31766096601942
0,2015,10,11,09,24,3,2,-4.4428697,-59.901905,48.0,125.0,SE,25.888696670532227,45.62006294943404
28,2015,10,11,09,36,5,0,-4.119442,-60.26218,66.0,105.0,SW,108.85010528564453,55.599561611842546
37,2015,10,11,09,36,5,1,-1.6039118,-59.147354,206.0,167.0,NE,36.0302734375,47.916980885298344
6,2015,10,11,09,36,5,2,-4.2811384,-60.26223,57.0,105.0,SW,45.02545928955078,49.4656303823351
9,2015,10,11,09,36,5,3,-4.209304,-59.865902,61.0,127.0,SE,45.624488830566406,49.55746814426021
1,2015,10,11,09,36,5,4,-4.317085,-59.775806,55.0,132.0,SE,40.741188049316406,48.77083898484073
24,2015,10,11,09,48,5,0,-4.1553693,-60.280205,64.0,104.0,SW,69.32921600341797,52.464960582046714
8,2015,10,11,09,48,5,1,-4.3170595,-60.298275,55.0,103.0,SW,100.26880645751953,55.02895348270759
2,2015,10,11,09,48,5,2,-4.388954,-60.190197,51.0,109.0,SW,73.79364776611328,52.89860361922659
15,2015,10,11,09,48,5,3,-4.227274,-59.901928,60.0,125.0,SE,59.68684768676758,51.424358237933276
32,2015,10,11,09,48,5,4,-1.6219351,-59.2372,205.0,162.0,NE,27.610614776611328,46.06751718426893
4,2015,10,11,10,00,4,0,-4.388941,-60.244247,51.0,106.0,SW,81.56747436523438,53.59457219872329
27,2015,10,11,10,00,4,1,-4.20925,-60.334263,61.0,101.0,SW,104.50533294677734,55.31651520823496
1,2015,10,11,10,00,4,2,-4.442874,-59.97398,48.0,121.0,SE,24.841590881347656,45.33317043769597
29,2015,10,11,10,00,4,3,-2.6461365,-59.506397,148.0,147.0,NE,39.5371208190918,48.562380594093646
11,2015,10,11,10,12,3,0,-4.227187,-60.40633,60.0,97.0,SW,86.639404296875,54.013747277698045
0,2015,10,11,10,12,3,1,-4.424851,-60.316334,49.0,102.0,SW,32.43441390991211,47.18639683076462
15,2015,10,11,10,12,3,2,-2.6461592,-59.560356,148.0,144.0,NE,29.028657913208008,46.41553127642318
33,2015,10,11,10,24,2,0,-4.2630844,-60.478405,58.0,93.0,SW,112.62955474853516,55.83673783259371
3,2015,10,11,10,24,2,1,-4.442781,-60.406437,48.0,97.0,SW,68.42129516601562,52.37336060959546
36,2015,10,11,10,36,4,0,-4.3528953,-60.514492,53.0,91.0,SW,80.90747833251953,53.538118606207604
8,2015,10,11,10,36,4,1,-4.4607954,-60.28031,47.0,104.0,SW,104.02698516845703,55.284636153046485
52,2015,10,11,10,36,4,2,-4.101494,-60.19013,67.0,109.0,SW,51.219913482666016,50.36132140545813
53,2015,10,11,10,36,4,3,-2.8793986,-59.056576,135.0,172.0,NE,30.109540939331055,46.66956610314476
17,2015,10,11,10,48,6,0,-4.460692,-60.51456,47.0,91.0,SW,169.6719207763672,58.68405957765866
26,2015,10,11,10,48,6,1,-4.460789,-60.29833,47.0,103.0,SW,124.14144897460938,56.51296891902095
20,2015,10,11,10,48,6,2,-4.460747,-60.406445,47.0,97.0,SW,51.69475173950195,50.425443220604365
82,2015,10,11,10,48,6,3,-4.1014757,-60.262177,67.0,105.0,SW,44.126426696777344,49.325480120533925
91,2015,10,11,10,48,6,4,-1.5502771,-59.758385,209.0,133.0,NE,35.33359909057617,47.781305989423444
87,2015,10,11,10,48,6,5,-1.6580946,-59.920113,203.0,124.0,NE,50.04071807861328,50.19947648692014
32,2015,10,11,11,00,6,0,-4.460636,-60.604656,47.0,86.0,SW,103.21041870117188,55.229876594855476
10,2015,10,11,11,00,6,1,-4.514682,-60.31637,44.0,102.0,SW,114.77896881103516,55.968097055378784
86,2015,10,11,11,00,6,2,-4.137403,-60.280197,65.0,104.0,SW,51.61602020263672,50.414852207725005
6,2015,10,11,11,00,6,3,-4.8019505,-60.659004,28.0,83.0,SW,66.10227966308594,52.13376295210793
92,2015,10,11,11,00,6,4,-1.5682466,-59.776352,208.0,132.0,NE,31.545982360839844,46.99340485493777
88,2015,10,11,11,00,6,5,-2.5923235,-59.776188,151.0,132.0,NE,22.01056671142578,44.49239954997067
40,2015,10,11,11,12,4,0,-4.460572,-60.694756,47.0,81.0,SW,205.86521911621094,60.02762761836404
9,2015,10,11,11,12,4,1,-4.5326195,-60.388462,43.0,98.0,SW,74.15271759033203,52.932333107416
78,2015,10,11,11,12,4,2,-1.5682547,-59.830265,208.0,129.0,NE,33.66923141479492,47.44603119877284
1,2015,10,11,11,12,4,3,-4.8019366,-60.67703,28.0,82.0,SW,35.748958587646484,47.86251427302588
61,2015,10,11,11,24,5,0,-4.4785376,-60.69477,46.0,81.0,SW,121.89232635498047,56.38592180908194
17,2015,10,11,11,24,5,1,-4.550501,-60.550663,42.0,89.0,SW,159.96469116210938,58.27468606656356
93,2015,10,11,11,24,5,2,-4.1553226,-60.406292,64.0,97.0,SW,34.030364990234375,47.52016567048058
96,2015,10,11,11,24,5,3,-1.6041874,-59.83026,206.0,129.0,NE,26.053030014038086,45.664031793420115
94,2015,10,11,11,24,5,4,-4.1193557,-59.505676,66.0,147.0,SE,24.987667083740234,45.373911334404895
32,2015,10,11,11,36,3,0,-4.5323915,-60.74888,43.0,78.0,SW,99.15900421142578,54.951614465187376
10,2015,10,11,11,36,3,1,-4.5684195,-60.62276,41.0,85.0,SW,109.04039001464844,55.61169829599727
85,2015,10,11,11,36,3,2,-4.1552687,-60.51437,64.0,91.0,SW,52.86846160888672,50.581446729214434
55,2015,10,11,11,48,5,0,-4.5323453,-60.80294,43.0,75.0,SW,112.26228332519531,55.814041895462836
46,2015,10,11,11,48,5,1,-4.550441,-60.64077,42.0,84.0,SW,83.61670684814453,53.76698890610566
105,2015,10,11,11,48,5,2,-1.5862268,-59.884174,207.0,126.0,NE,22.459918975830078,44.632830920010775
104,2015,10,11,11,48,5,3,-3.0414968,-60.09995,126.0,114.0,NW,25.018526077270508,45.38248748321293
103,2015,10,11,11,48,5,4,-3.5441866,-59.12797,98.0,168.0,SE,29.21749496459961,46.46058760247896
41,2015,10,11,12,00,3,0,-4.550295,-60.82098,42.0,74.0,SW,120.62406158447266,56.31324311978791
95,2015,10,11,12,00,3,1,-3.0774224,-60.15393,124.0,111.0,NW,31.18598747253418,46.913651958197605
94,2015,10,11,12,00,3,2,-3.5262513,-59.16399,99.0,166.0,SE,34.19738006591797,47.55418531833368
3,2015,10,11,12,12,4,0,-4.6221237,-60.8571,38.0,72.0,SW,62.5969352722168,51.755149089426034
78,2015,10,11,12,12,4,1,-3.400506,-59.182095,106.0,165.0,SE,96.4891586303711,54.76195626771439
81,2015,10,11,12,12,4,2,-1.5143642,-59.92012,211.0,124.0,NE,35.75292205810547,47.86328463076673
74,2015,10,11,12,12,4,3,-3.5442603,-59.217976,98.0,163.0,SE,27.708263397216797,46.092048875462275
2,2015,10,11,12,24,3,0,-4.7299175,-60.85722,32.0,72.0,SW,64.42573547363281,51.95525011801324
32,2015,10,11,12,24,3,1,-4.550226,-60.893066,42.0,70.0,SW,54.25243377685547,50.76100756479195
39,2015,10,11,12,24,3,2,-3.4185135,-59.236073,105.0,162.0,SE,101.22383117675781,55.09482428794841
4,2015,10,11,12,36,2,0,-4.711934,-60.875225,33.0,71.0,SW,35.393795013427734,47.793134057467974
6,2015,10,11,12,36,2,1,-3.4185395,-59.272068,105.0,160.0,SE,23.679067611694336,45.00013351797533
6,2015,10,11,15,12,2,0,-4.747917,-60.82119,31.0,74.0,SW,59.27867889404297,51.37667621641754
0,2015,10,11,15,12,2,1,-4.837896,-60.641006,26.0,84.0,SW,24.956775665283203,45.36531555971034
6,2015,10,11,15,24,2,0,-4.7479005,-60.839214,31.0,73.0,SW,82.87725067138672,53.70526532578221
15,2015,10,11,15,24,2,1,-4.7121596,-60.60485,33.0,86.0,SW,28.47246742248535,46.28110163206546
29,2015,10,11,15,36,4,0,-4.712147,-60.622875,33.0,85.0,SW,70.54408264160156,52.58566940069837
25,2015,10,11,15,36,4,1,-4.7120495,-60.74905,33.0,78.0,SW,90.47972106933594,54.31512000587965
46,2015,10,11,15,36,4,2,-3.4893005,-61.64796,101.0,28.0,SW,30.691265106201172,46.80253660612347
44,2015,10,11,15,36,4,3,-3.6523368,-59.793972,92.0,131.0,SE,117.02689361572266,56.10287079165657
21,2015,10,11,15,48,3,0,-4.747966,-60.767113,31.0,77.0,SW,229.40081787109375,60.77981934761717
76,2015,10,11,15,48,3,1,-3.453283,-61.701897,103.0,25.0,SW,48.96985626220703,50.04916122489391
4,2015,10,11,15,48,3,2,-4.784233,-60.028053,29.0,118.0,SW,42.87198257446289,49.125077036869776
37,2015,10,11,16,00,4,0,-4.6940527,-60.785084,34.0,76.0,SW,146.0081787109375,57.64033489516833
69,2015,10,11,16,00,4,1,-3.4531903,-61.755894,103.0,22.0,SW,39.58233642578125,48.5703227681389
11,2015,10,11,16,00,4,2,-4.748255,-60.280415,31.0,104.0,SW,31.40949058532715,46.963274242282125
65,2015,10,11,16,00,4,3,-4.137159,-60.730507,65.0,79.0,SW,41.015708923339844,48.8175035147288
30,2015,10,11,16,12,4,0,-4.6940527,-60.785084,34.0,76.0,SW,134.59051513671875,57.074531242463635
61,2015,10,11,16,12,4,1,-3.6523461,-59.84798,92.0,128.0,SE,67.29412078857422,52.257933930288715
52,2015,10,11,16,12,4,2,-4.658262,-60.60481,36.0,86.0,SW,31.70719337463379,47.02882477723874
64,2015,10,11,16,12,4,3,-3.4711223,-61.773926,102.0,21.0,SW,29.31201171875,46.48302996649383
46,2015,10,11,16,24,6,0,-4.658055,-60.85714,36.0,72.0,SW,90.97846984863281,54.35331800832849
20,2015,10,11,16,24,6,1,-4.6941934,-60.604836,34.0,86.0,SW,122.0097427368164,56.392612138963344
73,2015,10,11,16,24,6,2,-3.4891174,-61.75596,101.0,22.0,SW,42.36580276489258,49.042546996860025
69,2015,10,11,16,24,6,3,-3.688285,-60.082016,90.0,115.0,SW,75.52227783203125,53.05950124095868
75,2015,10,11,16,24,6,4,-3.3098578,-61.521687,111.0,35.0,SW,33.86357498168945,47.48602483206327
77,2015,10,11,16,24,6,5,-2.9153602,-59.09252,133.0,170.0,NE,30.45757484436035,46.74942507805728
26,2015,10,11,16,36,7,0,-4.6762395,-60.5868,35.0,87.0,SW,141.36727905273438,57.41588234153001
53,2015,10,11,16,36,7,1,-4.6405034,-59.992,37.0,120.0,SW,56.507164001464844,51.043956138124955
65,2015,10,11,16,36,7,2,-4.6042395,-60.766968,39.0,77.0,SW,39.932533264160156,48.63152975030196
78,2015,10,11,16,36,7,3,-3.291812,-61.57565,112.0,32.0,SW,30.424253463745117,46.74181884489236
74,2015,10,11,16,36,7,4,-3.6882813,-60.118023,90.0,113.0,SW,42.33985900878906,49.03829047648791
80,2015,10,11,16,36,7,5,-3.0415018,-60.027985,126.0,118.0,NW,90.20274353027344,54.29381590665699
76,2015,10,11,16,36,7,6,-3.4726295,-60.351986,102.0,100.0,SW,36.180381774902344,47.94587028011999
42,2015,10,11,16,48,11,0,-4.640244,-60.676888,37.0,82.0,SW,98.6080322265625,54.91289663376748
74,2015,10,11,16,48,11,1,-4.586518,-60.38849,40.0,98.0,SW,120.05097198486328,56.28015084694738
94,2015,10,11,16,48,11,2,-3.75958,-61.05428,86.0,61.0,SW,89.77748107910156,54.26097861378029
79,2015,10,11,16,48,11,3,-4.1011987,-60.7665,67.0,77.0,SW,57.76144790649414,51.196509095198365
88,2015,10,11,16,48,11,4,-4.047452,-60.550327,70.0,89.0,SW,49.44023132324219,50.11558786196193
8,2015,10,11,16,48,11,5,-4.71236,-59.865826,33.0,127.0,SE,43.88252258300781,49.28696531665459
99,2015,10,11,16,48,11,6,-3.508585,-60.28,100.0,104.0,SW,40.42518615722656,48.71673241265604
106,2015,10,11,16,48,11,7,-2.9146204,-61.5391,133.0,34.0,NW,23.477977752685547,44.94087094471639
104,2015,10,11,16,48,11,8,-3.0235336,-60.063965,127.0,116.0,NW,46.32266616821289,49.66299672283717
103,2015,10,11,16,48,11,9,-3.4547267,-60.028,103.0,118.0,SW,122.72319030761719,56.433126143124625
93,2015,10,11,16,48,11,10,-3.777918,-59.361824,85.0,155.0,SE,25.698196411132812,45.56874226228047
49,2015,10,11,17,00,8,0,-4.6402016,-60.730957,37.0,79.0,SW,153.08807373046875,57.96936169209197
75,2015,10,11,17,00,8,1,-4.6224337,-60.424553,38.0,96.0,SW,204.19740295410156,59.971103385345536
124,2015,10,11,17,00,8,2,-2.932478,-61.611084,132.0,30.0,NW,116.37271118164062,56.06391839455966
120,2015,10,11,17,00,8,3,-2.9685898,-61.485207,130.0,37.0,NW,24.74631118774414,45.30646747548733
117,2015,10,11,17,00,8,4,-3.45465,-60.387978,103.0,98.0,SW,38.072349548339844,48.30005482281919
113,2015,10,11,17,00,8,5,-3.7959175,-59.41583,84.0,152.0,SE,30.323862075805664,46.71885215886903
115,2015,10,11,17,00,8,6,-3.6343844,-60.100014,93.0,114.0,SW,24.442035675048828,45.22049793504066
112,2015,10,11,17,00,8,7,-3.8499055,-60.38814,81.0,98.0,SW,23.878332138061523,45.05836377690656
59,2015,10,11,17,12,14,0,-4.6222053,-60.766987,38.0,77.0,SW,104.95574188232422,55.346399201443575
139,2015,10,11,17,12,14,1,-3.2740083,-61.467644,113.0,38.0,SW,104.8553237915039,55.33974772751236
67,2015,10,11,17,12,14,2,-4.6223645,-60.550713,38.0,89.0,SW,53.284637451171875,50.63593219956299
69,2015,10,11,17,12,14,3,-4.622416,-60.460598,38.0,94.0,SW,39.32012939453125,48.524138970032894
122,2015,10,11,17,12,14,4,-3.3454406,-61.737705,109.0,23.0,SW,82.10992431640625,53.640630385848326
159,2015,10,11,17,12,14,5,-3.2024353,-61.25161,117.0,50.0,SW,50.82003402709961,50.306859180655536
99,2015,10,11,17,12,14,6,-3.8675992,-59.163685,80.0,166.0,SE,49.20392990112305,50.082296614319915
123,2015,10,11,17,12,14,7,-3.345676,-61.59373,109.0,31.0,SW,40.229209899902344,48.68296400669587
96,2015,10,11,17,12,14,8,-4.0115094,-60.568314,72.0,88.0,SW,51.4476432800293,50.39214772206472
108,2015,10,11,17,12,14,9,-3.5624394,-60.40602,97.0,97.0,SW,138.68496704101562,57.28277015890637
109,2015,10,11,17,12,14,10,-3.4726357,-60.33399,102.0,101.0,SW,33.21847152709961,47.35237428457472
104,2015,10,11,17,12,14,11,-3.670315,-59.86598,91.0,127.0,SE,33.78621292114258,47.47013219124162
103,2015,10,11,17,12,14,12,-3.741575,-61.090267,87.0,59.0,SW,40.97056198120117,48.80985069398751
111,2015,10,11,17,12,14,13,-3.4547195,-60.117992,103.0,113.0,SW,45.56275177001953,49.54805908443315
6,2015,10,11,17,24,15,0,-4.711969,-60.839176,33.0,73.0,SW,61.96973419189453,51.685174089840935
82,2015,10,11,17,24,15,1,-3.2204,-61.251633,116.0,50.0,SW,60.27946853637695,51.493010590757734
66,2015,10,11,17,24,15,2,-3.273956,-61.503635,113.0,36.0,SW,47.352806091308594,49.8158314776458
100,2015,10,11,17,24,15,3,-2.9143744,-61.701004,133.0,25.0,NW,75.90493774414062,53.0946204110797
47,2015,10,11,17,24,15,4,-3.8316524,-59.145714,82.0,167.0,SE,77.67821502685547,53.2550877539404
35,2015,10,11,17,24,15,5,-4.604376,-60.586746,39.0,87.0,SW,34.481719970703125,47.61172268600389
57,2015,10,11,17,24,15,6,-3.508451,-60.586,100.0,87.0,SW,60.77383041381836,51.54976571092283
48,2015,10,11,17,24,15,7,-3.8130436,-61.39645,83.0,42.0,SW,47.26995849609375,49.80366349239048
60,2015,10,11,17,24,15,8,-3.3274152,-61.773666,110.0,21.0,SW,23.680213928222656,45.0004699007424
37,2015,10,11,17,24,15,9,-4.0653486,-60.6584,69.0,83.0,SW,25.724327087402344,45.57580432534046
52,2015,10,11,17,24,15,10,-3.6339324,-60.94612,93.0,67.0,SW,35.084068298339844,47.73205912112844
93,2015,10,11,17,24,15,11,-3.0952804,-59.48821,123.0,148.0,NE,24.51450538635254,45.241070119614506
54,2015,10,11,17,24,15,12,-3.5624158,-60.460026,97.0,94.0,SW,31.59202003479004,47.003538294978824
51,2015,10,11,17,24,15,13,-3.7062497,-59.88398,89.0,126.0,SE,27.954208374023438,46.15345512667356
40,2015,10,11,17,24,15,14,-3.885918,-60.028015,79.0,118.0,SW,26.342243194580078,45.74074403489631
46,2015,10,11,17,36,11,0,-3.2019644,-61.593502,117.0,31.0,SW,148.14987182617188,57.74152043792937
44,2015,10,11,17,36,11,1,-3.2203557,-61.28762,116.0,48.0,SW,53.005985260009766,50.59949854002863
57,2015,10,11,17,36,11,2,-2.9861407,-61.755093,129.0,22.0,NW,57.84616470336914,51.206693073408765
17,2015,10,11,17,36,11,3,-3.8496635,-59.199715,81.0,164.0,SE,96.3920669555664,54.75496064527746
9,2015,10,11,17,36,11,4,-4.0473437,-60.71242,70.0,80.0,SW,118.3276138305664,56.179677664065686
2,2015,10,11,17,36,11,5,-4.4427357,-60.49653,48.0,92.0,SW,90.20082092285156,54.29366779822301
24,2015,10,11,17,36,11,6,-3.796007,-59.595882,84.0,142.0,SE,33.97340774536133,47.50852574078047
18,2015,10,11,17,36,11,7,-3.8495002,-59.01965,81.0,174.0,SE,28.248428344726562,46.226208597031466
64,2015,10,11,17,36,11,8,-2.1430786,-60.495384,176.0,92.0,NW,33.94673538208008,47.50306819713963
54,2015,10,11,17,36,11,9,-3.0943396,-61.485382,123.0,37.0,NW,23.857460021972656,45.052287232654606
0,2015,10,11,17,36,11,10,-4.640308,-60.586773,37.0,87.0,SW,27.576730728149414,46.05898441242503
70,2015,10,11,17,48,12,0,-3.2024353,-61.25161,117.0,50.0,SW,132.0258026123047,56.940841017999986
15,2015,10,11,17,48,12,1,-4.0652523,-60.784477,69.0,76.0,SW,130.28500366210938,56.84861082887225
85,2015,10,11,17,48,12,2,-3.112199,-61.557377,122.0,33.0,NW,110.28748321533203,55.69071957487107
2,2015,10,11,17,48,12,3,-4.226306,-61.343067,60.0,45.0,SW,142.98336791992188,57.49486831656269
40,2015,10,11,17,48,12,4,-3.8317263,-59.235744,82.0,162.0,SE,28.976728439331055,46.40308956842538
31,2015,10,11,17,48,12,5,-4.0114756,-60.62234,72.0,85.0,SW,75.9594497680664,53.099608919070114
42,2015,10,11,17,48,12,6,-3.634089,-60.766098,93.0,77.0,SW,38.01335525512695,48.28927922655424
91,2015,10,11,17,48,12,7,-3.0768626,-61.089527,124.0,59.0,NW,71.27503967285156,52.657299440111316
60,2015,10,11,17,48,12,8,-3.2198722,-61.62952,116.0,29.0,SW,39.98311233520508,48.64032551057057
95,2015,10,11,17,48,12,9,-2.1250963,-60.53133,177.0,90.0,NW,31.605276107788086,47.006453376371525
94,2015,10,11,17,48,12,10,-2.682084,-59.542355,146.0,145.0,NE,21.88347053527832,44.45215913413759
47,2015,10,11,17,48,12,11,-3.5624604,-60.35202,97.0,100.0,SW,27.707904815673828,46.0919589493686
91,2015,10,11,18,00,14,0,-3.0582528,-61.59328,125.0,31.0,NW,88.7460708618164,54.180686104241325
70,2015,10,11,18,00,14,1,-3.220333,-61.305614,116.0,47.0,SW,65.4261703491211,52.062323957911836
55,2015,10,11,18,00,14,2,-3.4173558,-61.701836,105.0,25.0,SW,76.41062927246094,53.14076037726147
16,2015,10,11,18,00,14,3,-4.1192336,-60.676456,66.0,82.0,SW,118.05091094970703,56.163409439796496
29,2015,10,11,18,00,14,4,-4.0293207,-60.784447,71.0,76.0,SW,67.54131317138672,52.28341195900971
5,2015,10,11,18,00,14,5,-4.2444677,-61.198982,59.0,53.0,SW,58.609073638916016,51.297737669928395
32,2015,10,11,18,00,14,6,-4.0106263,-61.41477,72.0,41.0,SW,37.25716781616211,48.14965736439589
37,2015,10,11,18,00,14,7,-3.9748757,-61.28865,74.0,48.0,SW,51.25057601928711,50.365479971201026
47,2015,10,11,18,00,14,8,-3.5085797,-60.298,100.0,103.0,SW,42.943450927734375,49.13665101786249
43,2015,10,11,18,00,14,9,-3.5796275,-58.67791,96.0,193.0,SE,48.05504608154297,49.91812392538063
41,2015,10,11,18,00,14,10,-3.8136384,-59.091713,83.0,170.0,SE,28.759538650512695,46.35081059633955
99,2015,10,11,18,00,14,11,-2.574308,-60.387653,152.0,98.0,NW,23.66200828552246,44.99512559019053
90,2015,10,11,18,00,14,12,-3.0768244,-61.12551,124.0,57.0,NW,24.391319274902344,45.20606461295265
49,2015,10,11,18,00,14,13,-3.5086262,-59.992,100.0,120.0,SW,81.05110931396484,53.5504433684682
47,2015,10,11,18,12,14,0,-3.9748514,-61.30666,74.0,47.0,SW,60.9137077331543,51.56574052000821
34,2015,10,11,18,12,14,1,-4.0115094,-60.568314,72.0,88.0,SW,94.59912109375,54.624493579929776
10,2015,10,11,18,12,14,2,-4.1371994,-60.67647,65.0,82.0,SW,65.3082504272461,52.04978874707183
69,2015,10,11,18,12,14,3,-3.274084,-61.41366,113.0,41.0,SW,65.37384796142578,52.05676473533396
83,2015,10,11,18,12,14,4,-3.0761333,-61.647285,124.0,28.0,NW,37.1071662902832,48.121624604185385
50,2015,10,11,18,12,14,5,-3.8136709,-59.127724,83.0,168.0,SE,55.90559005737305,50.96958372638349
2,2015,10,11,18,12,14,6,-4.262361,-61.25305,58.0,50.0,SW,40.219970703125,48.6813679552596
91,2015,10,11,18,12,14,7,-3.0414212,-59.578194,126.0,143.0,NE,94.62725830078125,54.626560071315005
59,2015,10,11,18,12,14,8,-3.597662,-58.731888,95.0,190.0,SE,58.5711669921875,51.293241991001715
24,2015,10,11,18,12,14,9,-4.0283656,-61.55888,71.0,33.0,SW,39.32878875732422,48.525669097014976
0,2015,10,11,18,12,14,10,-4.2980847,-61.397232,56.0,42.0,SW,33.130043029785156,47.33385195584559
63,2015,10,11,18,12,14,11,-3.399331,-61.7378,106.0,23.0,SW,37.88060760498047,48.264970940175644
53,2015,10,11,18,12,14,12,-3.7960856,-59.937984,84.0,123.0,SE,42.59376907348633,49.07983710850934
80,2015,10,11,18,12,14,13,-3.1131673,-59.344257,122.0,156.0,NE,28.597610473632812,46.31157589846936
71,2015,10,11,18,24,18,0,-3.076076,-61.68327,124.0,26.0,NW,99.81153869628906,54.997191968332984
68,2015,10,11,18,24,18,1,-3.0943396,-61.485382,123.0,37.0,NW,92.1883544921875,54.44511696695337
51,2015,10,11,18,24,18,2,-3.2740338,-61.44965,113.0,39.0,SW,44.44922637939453,49.37612726310667
34,2015,10,11,18,24,18,3,-3.5797637,-58.785915,96.0,187.0,SE,68.35152435302734,52.36627122869335
11,2015,10,11,18,24,18,4,-4.0294533,-60.604343,71.0,86.0,SW,54.07773971557617,50.73859645471109
2,2015,10,11,18,24,18,5,-4.2627773,-60.89275,58.0,70.0,SW,48.75992965698242,50.019309083300136
70,2015,10,11,18,24,18,6,-3.0952125,-59.362263,123.0,155.0,NE,60.92334747314453,51.566840083259834
18,2015,10,11,18,24,18,7,-3.8499434,-60.280106,81.0,104.0,SW,115.60136413574219,56.01770729965701
81,2015,10,11,18,24,18,8,-3.0594008,-59.61417,125.0,141.0,NE,63.55812454223633,51.86103713532618
29,2015,10,11,18,24,18,9,-3.795721,-59.145744,84.0,167.0,SE,51.54904556274414,50.40583001544601
45,2015,10,11,18,24,18,10,-3.381632,-61.57579,107.0,32.0,SW,30.445606231689453,46.74669397473474
41,2015,10,11,18,24,18,11,-3.5255864,-58.56998,99.0,199.0,SE,47.23103332519531,49.797939112128695
93,2015,10,11,18,24,18,12,-2.1789293,-60.657204,174.0,83.0,NW,37.15937042236328,48.131393513299024
91,2015,10,11,18,24,18,13,-2.197072,-60.171787,173.0,110.0,NW,47.6324348449707,49.856744469797036
88,2015,10,11,18,24,18,14,-2.718066,-59.686234,144.0,137.0,NE,28.849388122558594,46.372485660250256
27,2015,10,11,18,24,18,15,-3.796087,-59.973995,84.0,121.0,SE,34.08049011230469,47.530393264454375
22,2015,10,11,18,24,18,16,-3.8318274,-59.37979,82.0,154.0,SE,62.68101501464844,51.76447628510941
1,2015,10,11,18,24,18,17,-4.299026,-60.46041,56.0,94.0,SW,32.12514877319336,47.119822317980315
45,2015,10,11,18,36,17,0,-3.0943396,-61.485382,123.0,37.0,NW,117.77339935302734,56.14705532457164
25,2015,10,11,18,36,17,1,-3.1664836,-61.269558,119.0,49.0,SW,83.68726348876953,53.772849828390285
41,2015,10,11,18,36,17,2,-3.0939515,-61.737278,123.0,23.0,NW,33.64278030395508,47.440570029260456
48,2015,10,11,18,36,17,3,-3.095223,-59.380253,123.0,154.0,NE,58.37560272216797,51.270001998939414
11,2015,10,11,18,36,17,4,-3.7236874,-61.01823,88.0,63.0,SW,102.954345703125,55.212614883229314
63,2015,10,11,18,36,17,5,-3.0414526,-59.66815,126.0,138.0,NE,82.37549591064453,53.66306863050025
17,2015,10,11,18,36,17,6,-3.6157365,-58.821873,94.0,185.0,SE,46.072017669677734,49.62529566998058
69,2015,10,11,18,36,17,7,-2.5564084,-59.90208,153.0,125.0,NE,56.9534912109375,51.09862557572012
4,2015,10,11,18,36,17,8,-3.8499434,-60.280106,81.0,104.0,SW,33.6122932434082,47.43427025742241
68,2015,10,11,18,36,17,9,-2.6277146,-58.876934,149.0,182.0,NE,41.70426940917969,48.93318823609909
21,2015,10,11,18,36,17,10,-3.2919464,-61.48567,112.0,37.0,SW,24.253467559814453,45.16668138389771
7,2015,10,11,18,36,17,11,-3.8499753,-60.13605,81.0,112.0,SW,38.56475830078125,48.389349777876006
72,2015,10,11,18,36,17,12,-2.1789188,-60.675182,174.0,82.0,NW,25.996482849121094,45.648933473377234
8,2015,10,11,18,36,17,13,-3.8318386,-59.397797,82.0,153.0,SE,24.173017501831055,45.14359382040509
2,2015,10,11,18,36,17,14,-3.9755983,-60.532272,74.0,90.0,SW,22.816341400146484,44.74223606150489
1,2015,10,11,18,36,17,15,-4.2627597,-60.910767,58.0,69.0,SW,21.852184295654297,44.44221762999986
0,2015,10,11,18,36,17,16,-4.370335,-61.109077,52.0,58.0,SW,21.8893985748291,44.45404122406845
3,2015,10,11,18,48,14,0,-3.92177,-60.388176,77.0,98.0,SW,97.18729400634766,54.8120517998013
49,2015,10,11,18,48,14,1,-2.9866767,-61.39528,129.0,42.0,NW,36.67137908935547,48.039535839002674
38,2015,10,11,18,48,14,2,-3.077287,-59.434242,124.0,151.0,NE,77.99881744384766,53.283708249635254
37,2015,10,11,18,48,14,3,-3.0773904,-59.68613,124.0,137.0,NE,76.79610443115234,53.17572700485994
14,2015,10,11,18,48,14,4,-3.8499694,-60.172066,81.0,110.0,SW,74.4322738647461,52.9584805430469
30,2015,10,11,18,48,14,5,-3.093891,-61.773262,123.0,21.0,NW,38.678466796875,48.40980796377204
22,2015,10,11,18,48,14,6,-3.3993921,-58.282196,106.0,215.0,SE,34.6672248840332,47.649005200107304
56,2015,10,11,18,48,14,7,-2.7540164,-59.75817,142.0,133.0,NE,86.20525360107422,53.97883969761828
16,2015,10,11,18,48,14,8,-3.813904,-59.451828,83.0,150.0,SE,49.123538970947266,50.07093430572393
24,2015,10,11,18,48,14,9,-3.130163,-61.557404,121.0,33.0,NW,24.623306274414062,45.271841829422044
58,2015,10,11,18,48,14,10,-2.4126642,-59.7942,161.0,131.0,NE,32.96030044555664,47.29815854545498
54,2015,10,11,18,48,14,11,-2.807455,-58.966698,139.0,177.0,NE,29.84023094177246,46.6071348356533
53,2015,10,11,18,48,14,12,-2.8977115,-59.632217,134.0,140.0,NE,25.15350341796875,45.41987568138555
23,2015,10,11,18,48,14,13,-3.2915804,-58.264385,112.0,216.0,SE,22.29802703857422,44.58256296062717
9,2015,10,11,19,00,8,0,-3.9037964,-60.406174,78.0,97.0,SW,93.01827239990234,54.50739226433589
23,2015,10,11,19,00,8,1,-3.1132376,-59.470207,122.0,149.0,NE,78.22774505615234,53.30407294426341
39,2015,10,11,19,00,8,2,-2.142841,-60.8909,176.0,70.0,NW,79.32244110107422,53.40063709094377
32,2015,10,11,19,00,8,3,-2.987569,-59.72214,129.0,135.0,NE,108.12297058105469,55.552987461273645
18,2015,10,11,19,00,8,4,-3.3275378,-58.282322,110.0,215.0,SE,30.779891967773438,46.82257341580449
30,2015,10,11,19,00,8,5,-2.9866529,-61.41327,129.0,41.0,NW,45.013492584228516,49.463783333159874
14,2015,10,11,19,00,8,6,-3.5616863,-58.695934,97.0,192.0,SE,35.71588134765625,47.856081900925396
0,2015,10,11,19,00,8,7,-4.136607,-61.252865,65.0,50.0,SW,25.98013687133789,45.644562912475195
9,2015,10,11,19,12,14,0,-3.9576786,-60.44222,75.0,95.0,SW,80.01053619384766,53.46065485042132
58,2015,10,11,19,12,14,1,-2.1607783,-60.92687,175.0,68.0,NW,49.12323760986328,50.07089167691988
36,2015,10,11,19,12,14,2,-3.0952804,-59.48821,123.0,148.0,NE,64.31736755371094,51.94355213040326
28,2015,10,11,19,12,14,3,-3.4535437,-58.444096,103.0,206.0,SE,35.4893798828125,47.81187453021908
1,2015,10,11,19,12,14,4,-4.1184664,-61.37892,66.0,43.0,SW,30.738080978393555,46.813127962960365
53,2015,10,11,19,12,14,5,-2.2149906,-60.36956,172.0,99.0,NW,68.72349548339844,52.40398381114818
48,2015,10,11,19,12,14,6,-2.8074884,-59.00267,139.0,175.0,NE,33.73200225830078,47.45897388832543
43,2015,10,11,19,12,14,7,-2.8976536,-59.4883,134.0,148.0,NE,39.62350082397461,48.57754545705844
41,2015,10,11,19,12,14,8,-2.9157164,-59.776127,133.0,132.0,NE,79.0595932006836,53.37757316240692
24,2015,10,11,19,12,14,9,-3.7959917,-59.55987,84.0,144.0,SE,36.015525817871094,47.91413611267573
16,2015,10,11,19,12,14,10,-3.903483,-60.87437,78.0,71.0,SW,43.70441818237305,49.25870544527733
59,2015,10,11,19,12,14,11,-2.1611445,-60.135826,175.0,112.0,NW,26.5196533203125,45.78738543552535
49,2015,10,11,19,12,14,12,-2.6812801,-58.589108,146.0,198.0,NE,23.537288665771484,44.95840289492506
51,2015,10,11,19,12,14,13,-2.3576584,-61.592304,164.0,31.0,NW,26.05361557006836,45.66418796774296
6,2015,10,11,19,24,15,0,-4.1722236,-61.469074,63.0,38.0,SW,71.17350006103516,52.647393131341516
29,2015,10,11,19,24,15,1,-3.3634949,-58.30026,108.0,214.0,SE,49.78049087524414,50.16324675316453
46,2015,10,11,19,24,15,2,-2.9157197,-59.794117,133.0,131.0,NE,93.04634857177734,54.50948931239107
75,2015,10,11,19,24,15,3,-2.1427531,-60.998768,176.0,64.0,NW,40.552490234375,48.73858041076713
54,2015,10,11,19,24,15,4,-2.8255324,-59.092598,138.0,170.0,NE,42.357215881347656,49.04113845926534
60,2015,10,11,19,24,15,5,-2.6096156,-58.751057,150.0,189.0,NE,45.888824462890625,49.59761087641805
65,2015,10,11,19,24,15,6,-2.232951,-60.387543,171.0,98.0,NW,43.76253128051758,49.267938903800925
19,2015,10,11,19,24,15,7,-3.939704,-60.460217,76.0,94.0,SW,22.77978515625,44.73109393722089
58,2015,10,11,19,24,15,8,-2.7897809,-59.34445,140.0,156.0,NE,33.491615295410156,47.40927746064755
22,2015,10,11,19,24,15,9,-3.5437899,-58.74996,98.0,189.0,SE,41.47802734375,48.895389453729614
71,2015,10,11,19,24,15,10,-2.1791084,-60.153805,174.0,111.0,NW,23.141857147216797,44.84067129094058
63,2015,10,11,19,24,15,11,-2.3767488,-59.97402,163.0,121.0,NE,27.40266227722168,46.01498408943875
48,2015,10,11,19,24,15,12,-2.9156437,-59.542263,133.0,145.0,NE,49.07610321044922,50.064221094905996
40,2015,10,11,19,24,15,13,-2.9516695,-59.93803,131.0,123.0,NE,23.00628662109375,44.79984437416516
24,2015,10,11,19,24,15,14,-3.4354672,-58.372128,104.0,210.0,SE,26.176544189453125,45.696896928169366
15,2015,10,11,19,36,18,0,-4.1006775,-61.25281,67.0,50.0,SW,82.0335922241211,53.63416762992646
73,2015,10,11,19,36,18,1,-2.2508502,-60.549362,170.0,89.0,NW,81.18095397949219,53.561566365023
64,2015,10,11,19,36,18,2,-2.6276395,-58.804993,149.0,186.0,NE,55.710227966308594,50.94525892618435
40,2015,10,11,19,36,18,3,-3.0055306,-59.704144,128.0,136.0,NE,85.18504333496094,53.89611353538505
3,2015,10,11,19,36,18,4,-4.2983623,-61.19906,56.0,53.0,SW,37.3643913269043,48.1696265471913
49,2015,10,11,19,36,18,5,-2.8435276,-59.12856,137.0,168.0,NE,36.84500503540039,48.07235788002234
35,2015,10,11,19,36,18,6,-3.3814883,-58.318222,107.0,213.0,SE,65.4261703491211,52.062323957911836
31,2015,10,11,19,36,18,7,-3.8498979,-60.40615,81.0,97.0,SW,37.95344924926758,48.27831997524851
9,2015,10,11,19,36,18,8,-4.154342,-61.415005,64.0,41.0,SW,32.37187194824219,47.172984977558976
81,2015,10,11,19,36,18,9,-2.1068673,-60.944805,178.0,67.0,NW,37.45475387573242,48.186411117633135
69,2015,10,11,19,36,18,10,-2.3947146,-60.02796,162.0,118.0,NW,50.07972717285156,50.20489122439925
59,2015,10,11,19,36,18,11,-2.6997736,-59.092697,145.0,170.0,NE,34.092350006103516,47.5328109716707
54,2015,10,11,19,36,18,12,-2.8077676,-59.380417,139.0,154.0,NE,51.68279266357422,50.42383551804583
53,2015,10,11,19,36,18,13,-2.8253126,-58.858753,138.0,183.0,NE,30.411235809326172,46.73884505672479
44,2015,10,11,19,36,18,14,-2.9515834,-59.560238,131.0,144.0,NE,29.912111282348633,46.623853042393264
39,2015,10,11,19,36,18,15,-3.0413146,-59.362293,126.0,155.0,NE,26.00971794128418,45.65247023785879
33,2015,10,11,19,36,18,16,-3.4176154,-58.44415,105.0,206.0,SE,24.27196502685547,45.171978959425246
27,2015,10,11,19,36,18,17,-3.9756083,-60.514263,74.0,91.0,SW,26.894821166992188,45.884998530281464
9,2015,10,11,19,48,16,0,-4.0646996,-61.28878,69.0,48.0,SW,57.85603713989258,51.207878888619796
82,2015,10,11,19,48,16,1,-2.0709364,-60.944782,180.0,67.0,NW,104.43563079833984,55.31187906466238
37,2015,10,11,19,48,16,2,-3.435607,-58.46212,104.0,205.0,SE,72.9857177734375,52.8221060913817
54,2015,10,11,19,48,16,3,-2.8077967,-59.43438,139.0,151.0,NE,45.461299896240234,49.53256954947213
58,2015,10,11,19,48,16,4,-2.7896721,-59.182564,140.0,165.0,NE,56.43181228637695,51.03468391980076
69,2015,10,11,19,48,16,5,-2.5558717,-58.894985,153.0,181.0,NE,41.33141326904297,48.870784046548785
62,2015,10,11,19,48,16,6,-2.7534332,-58.840836,142.0,184.0,NE,39.096588134765625,48.48452170406955
49,2015,10,11,19,48,16,7,-2.8618054,-59.72217,136.0,135.0,NE,66.4168930053711,52.16675684241224
47,2015,10,11,19,48,16,8,-2.8973947,-59.092537,134.0,170.0,NE,71.40140533447266,52.669608112117515
43,2015,10,11,19,48,16,9,-3.3456476,-58.372276,109.0,210.0,SE,42.288917541503906,49.029925056888246
29,2015,10,11,19,48,16,10,-3.9570942,-61.144554,75.0,56.0,SW,49.08820343017578,50.065934160312686
72,2015,10,11,19,48,16,11,-2.3044572,-60.98091,167.0,65.0,NW,37.51382827758789,48.19736213367564
83,2015,10,11,19,48,16,12,-2.0527592,-61.178467,181.0,54.0,NW,46.20658874511719,49.64556247519161
75,2015,10,11,19,48,16,13,-2.2328568,-60.603294,171.0,86.0,NW,43.09432601928711,49.161021442746005
31,2015,10,11,19,48,16,14,-3.8498733,-60.46017,81.0,94.0,SW,35.58290100097656,47.8301615939224
0,2015,10,11,19,48,16,15,-4.154259,-61.469044,64.0,38.0,SW,21.906635284423828,44.45951080299788
23,2015,10,11,20,00,12,0,-3.9929352,-61.216637,73.0,52.0,SW,80.19970703125,53.47706446565648
35,2015,10,11,20,00,12,1,-3.471589,-58.498062,102.0,203.0,SE,46.284576416015625,49.657280653236555
63,2015,10,11,20,00,12,2,-2.753452,-58.858826,142.0,183.0,NE,75.41498565673828,53.04962240119124
46,2015,10,11,20,00,12,3,-2.9513357,-59.146465,131.0,167.0,NE,61.17279052734375,51.59523263214354
74,2015,10,11,20,00,12,4,-2.2499723,-61.520252,170.0,35.0,NW,48.77665328979492,50.021691937010885
58,2015,10,11,20,00,12,5,-2.789711,-59.236526,140.0,162.0,NE,53.33188247680664,50.642090571353755
0,2015,10,11,20,00,12,6,-4.388115,-61.253242,51.0,50.0,SW,36.07645034790039,47.92588075108257
56,2015,10,11,20,00,12,7,-2.7898016,-59.380424,140.0,154.0,NE,68.42198944091797,52.37343111822375
50,2015,10,11,20,00,12,8,-2.8977501,-59.77613,134.0,132.0,NE,38.1921501159668,48.32188569552081
75,2015,10,11,20,00,12,9,-2.2508032,-60.63926,170.0,84.0,NW,30.045881271362305,46.6548591048669
69,2015,10,11,20,00,12,10,-2.3227391,-60.495453,166.0,92.0,NW,59.52568435668945,51.40557031048882
44,2015,10,11,20,00,12,11,-2.9514399,-59.290386,131.0,159.0,NE,37.28482437133789,48.154813583917246
15,2015,10,11,20,12,10,0,-3.9928646,-61.270668,73.0,49.0,SW,100.76118469238281,55.06299219731553
18,2015,10,11,20,12,10,1,-3.9933271,-60.85645,73.0,72.0,SW,88.98308563232422,54.1992193412204
43,2015,10,11,20,12,10,2,-2.7535245,-58.93077,142.0,179.0,NE,45.498939514160156,49.53832034499424
38,2015,10,11,20,12,10,3,-2.7718647,-59.434395,141.0,151.0,NE,41.273807525634766,48.86109250974645
34,2015,10,11,20,12,10,4,-2.843633,-59.272465,137.0,160.0,NE,51.5749397277832,50.409319622468345
31,2015,10,11,20,12,10,5,-3.4537032,-58.552086,103.0,200.0,SE,39.89866638183594,48.62563402990783
1,2015,10,11,20,12,10,6,-4.3880653,-61.289276,51.0,48.0,SW,25.900842666625977,45.62332225731433
33,2015,10,11,20,12,10,7,-2.9513636,-59.182446,131.0,165.0,NE,33.55503463745117,47.42242301994337
4,2015,10,11,20,12,10,8,-4.11844,-61.396935,66.0,42.0,SW,22.500385284423828,44.645339233420096
47,2015,10,11,20,12,10,9,-2.6277847,-58.94887,149.0,178.0,NE,25.34668731689453,45.47303927341467
10,2015,10,11,20,24,5,0,-3.993277,-60.91048,73.0,69.0,SW,70.0774917602539,52.539556740767466
7,2015,10,11,20,24,5,1,-3.992816,-61.306686,73.0,47.0,SW,41.759796142578125,48.94243387533273
20,2015,10,11,20,24,5,2,-3.3096626,-58.33634,111.0,212.0,SE,52.548240661621094,50.53923084041575
23,2015,10,11,20,24,5,3,-2.8078232,-59.488342,139.0,148.0,NE,22.2940731048584,44.58133069098761
22,2015,10,11,20,24,5,4,-2.933697,-59.86607,132.0,127.0,NE,49.17487716674805,50.078192497031694
4,2015,10,11,20,36,3,0,-4.029155,-60.964546,71.0,66.0,SW,60.75723648071289,51.54786814742807
16,2015,10,11,20,36,3,1,-2.8797567,-59.668198,135.0,138.0,NE,70.50250244140625,52.58157247297453
15,2015,10,11,20,36,3,2,-3.005423,-59.43428,128.0,151.0,NE,58.11962127685547,51.23946436712143
1,2015,10,11,20,48,3,0,-4.065067,-60.982597,69.0,65.0,SW,40.901344299316406,48.7981012709405
9,2015,10,11,20,48,3,1,-3.041382,-59.488235,126.0,148.0,NE,69.81986999511719,52.51396452977286
14,2015,10,11,20,48,3,2,-2.879767,-59.704178,135.0,136.0,NE,39.34927749633789,48.52928815759219
22,2015,10,11,21,00,5,0,-2.8977423,-59.74015,134.0,134.0,NE,118.63334655761719,56.19760846377285
15,2015,10,11,21,00,5,1,-2.9516268,-60.297832,131.0,103.0,NW,235.6340789794922,60.966109576411604
3,2015,10,11,21,00,5,2,-4.0829544,-61.054665,68.0,61.0,SW,37.322967529296875,48.161918628168614
9,2015,10,11,21,00,5,3,-3.0773308,-59.5242,124.0,146.0,NE,57.04399871826172,51.10965933985934
8,2015,10,11,21,00,5,4,-3.0773904,-60.29787,124.0,103.0,NW,70.13105010986328,52.54486542659018
28,2015,10,11,21,12,7,0,-2.9157164,-59.776127,133.0,132.0,NE,88.56486511230469,54.16648340495407
18,2015,10,11,21,12,7,1,-2.9695761,-60.35181,130.0,100.0,NW,123.18245697021484,56.45908175156647
13,2015,10,11,21,12,7,2,-3.041414,-59.5602,126.0,144.0,NE,79.2188491821289,53.39155642203488
8,2015,10,11,21,12,7,3,-3.0773795,-60.333855,124.0,101.0,NW,72.12277221679688,52.739458541467535
0,2015,10,11,21,12,7,4,-4.1008997,-61.072697,67.0,60.0,SW,40.38776397705078,48.7102969104309
35,2015,10,11,21,12,7,5,-2.7899525,-60.20785,140.0,108.0,NW,39.60868835449219,48.574947331664724
3,2015,10,11,21,12,7,6,-3.6523526,-60.082012,92.0,115.0,SW,22.223499298095703,44.559299056203756
19,2015,10,11,21,24,4,0,-2.933699,-59.88406,132.0,126.0,NE,168.3465118408203,58.62956591160749
10,2015,10,11,21,24,4,1,-2.9875362,-60.369804,129.0,99.0,NW,104.6072998046875,55.32329182757615
2,2015,10,11,21,24,4,2,-3.0593944,-59.596176,125.0,142.0,NE,60.71387481689453,51.54290717011027
35,2015,10,11,21,24,4,3,-2.807911,-60.243828,139.0,106.0,NW,106.02642059326172,55.41692555757166
30,2015,10,11,21,36,6,0,-2.8977664,-59.884064,134.0,126.0,NE,105.59032440185547,55.388285943046654
15,2015,10,11,21,36,6,1,-2.9875295,-60.3878,129.0,98.0,NW,67.33380126953125,52.26203008250545
3,2015,10,11,21,36,6,2,-3.0594132,-59.650154,125.0,139.0,NE,71.55542755126953,52.68458125294666
1,2015,10,11,21,36,6,3,-3.131237,-60.44183,121.0,95.0,NW,34.05472946166992,47.52513890864886
34,2015,10,11,21,36,6,4,-2.8438344,-60.279816,137.0,104.0,NW,28.079225540161133,46.18446196052659
0,2015,10,11,21,36,6,5,-3.7946541,-58.317497,84.0,213.0,SE,31.521284103393555,46.98796237774984
10,2015,10,11,21,48,3,0,-2.9337006,-59.90205,132.0,125.0,NE,82.98390197753906,53.71420158686925
3,2015,10,11,21,48,3,1,-3.05938,-60.42381,125.0,96.0,NW,90.16059875488281,54.290568551668876
1,2015,10,11,21,48,3,2,-3.0774002,-59.72212,124.0,135.0,NE,42.07741165161133,48.99508422531453
5,2015,10,11,22,00,2,0,-2.933704,-59.95602,132.0,122.0,NE,36.89815139770508,48.08237369252387
0,2015,10,11,22,00,2,1,-3.095297,-60.45981,123.0,94.0,NW,48.059669494628906,49.91879243414091
3,2015,10,11,22,12,4,0,-3.0952804,-60.495792,123.0,92.0,NW,41.49267578125,48.89784303713725
0,2015,10,11,22,12,4,1,-3.7227373,-58.28162,88.0,215.0,SE,28.171628952026367,46.207291311421265
7,2015,10,11,22,12,4,2,-3.059468,-60.027985,125.0,118.0,NW,28.945648193359375,46.39563242655967
2,2015,10,11,22,12,4,3,-3.2391303,-59.938015,115.0,123.0,SE,34.92546844482422,47.70057579482866
1,2015,10,11,22,24,4,0,-3.7227683,-58.299625,88.0,214.0,SE,55.13066864013672,50.87259211273425
5,2015,10,11,22,24,4,1,-3.221164,-59.938015,116.0,123.0,SE,50.39230728149414,50.24812785399344
8,2015,10,11,22,24,4,2,-2.9875996,-59.902046,129.0,125.0,NE,30.46995735168457,46.75224949820796
7,2015,10,11,22,24,4,3,-3.0952625,-60.531776,123.0,90.0,NW,32.8392448425293,47.272590543981806
2,2015,10,11,22,36,3,0,-3.7228296,-58.335632,88.0,212.0,SE,40.831947326660156,48.78630143606653
6,2015,10,11,22,36,3,1,-2.7359505,-60.513615,143.0,91.0,NW,23.541702270507812,44.9597057634189
4,2015,10,11,22,36,3,2,-3.1671073,-60.567802,119.0,88.0,SW,31.214290618896484,46.91995546914572
2,2015,10,11,22,48,3,0,-3.1850529,-60.6038,118.0,86.0,SW,72.1485595703125,52.74194259543784
5,2015,10,11,22,48,3,1,-2.7359326,-60.549587,143.0,89.0,NW,23.472993850708008,44.93939571653762
0,2015,10,11,22,48,3,2,-3.7588172,-58.37158,86.0,210.0,SE,21.863948822021484,44.44595759043455
5,2015,10,11,23,24,3,0,-3.2568214,-60.747807,114.0,78.0,SW,45.421382904052734,49.52646559918482
0,2015,10,11,23,24,3,1,-3.4363616,-60.89193,104.0,70.0,SW,44.95713424682617,49.455077872186564
3,2015,10,11,23,24,3,2,-3.3645887,-60.783882,108.0,76.0,SW,23.157197952270508,44.84527608623917
10,2015,10,11,23,36,5,0,-3.2927258,-60.783825,112.0,76.0,SW,101.52281188964844,55.115318164003526
2,2015,10,11,23,36,5,1,-3.4722767,-60.90996,102.0,69.0,SW,52.68354034423828,50.55709918775523
18,2015,10,11,23,36,5,2,-3.1489863,-60.80171,120.0,75.0,SW,29.62682342529297,46.55726138250904
6,2015,10,11,23,36,5,3,-3.3287697,-60.621883,110.0,85.0,SW,43.11396026611328,49.16418663089867
19,2015,10,11,23,36,5,4,-2.7177682,-60.855347,144.0,72.0,NW,58.36836624145508,51.26914055455333
21,2015,10,11,23,48,8,0,-3.0228899,-61.161438,127.0,55.0,NW,108.88774871826172,55.60196425666378
8,2015,10,11,23,48,8,1,-3.3106632,-60.81983,111.0,74.0,SW,49.1693115234375,50.07740599299105
36,2015,10,11,23,48,8,2,-2.753685,-60.87336,142.0,71.0,NW,67.10365295410156,52.23823856002966
14,2015,10,11,23,48,8,3,-3.2565145,-61.089718,114.0,59.0,SW,57.0456657409668,51.10986240225326
7,2015,10,11,23,48,8,4,-3.3287585,-60.63988,110.0,84.0,SW,55.3389778137207,50.89879808253629
15,2015,10,11,23,48,8,5,-3.1669087,-60.8557,119.0,72.0,SW,57.3414192199707,51.1457949595553
1,2015,10,11,23,48,8,6,-3.4902582,-60.89198,101.0,70.0,SW,41.53484344482422,48.90490120208315
16,2015,10,11,23,48,8,7,-3.148814,-60.999634,120.0,64.0,SW,23.400165557861328,44.917802838013216
